image_width: 640
image_height: 480
camera_name: narrow_stereo
camera_matrix:
  rows: 3
  cols: 3
  data: [596.314667, 0, 319.635062, 0, 598.187399, 259.843595, 0, 0, 1]
distortion_model: plumb_bob
distortion_coefficients:
  rows: 1
  cols: 5
  data: [0.009094, -0.175881, 0.006002, 0.004082, 0]
rectification_matrix:
  rows: 3
  cols: 3
  data: [1, 0, 0, 0, 1, 0, 0, 0, 1]
projection_matrix:
  rows: 3
  cols: 4
  data: [588.948425, 0, 321.911407, 0, 0, 595.46228, 262.001911, 0, 0, 0, 1, 0]